#chunk, bytes_offset, bytes_size, track_name
1,26235,253466,video_0,
2,279701,7801,audio_1,
3,287502,100887,video_0,
4,388389,7802,audio_1,
5,396191,199587,video_0,
6,595778,7802,audio_1,
7,603580,184356,video_0,
8,787936,7802,audio_1,
9,795738,143699,video_0,
10,939437,7802,audio_1,
11,947239,139764,video_0,
12,1087003,7802,audio_1,
13,1094805,132843,video_0,
14,1227648,7802,audio_1,
15,1235450,87180,video_0,
16,1322630,7802,audio_1,
17,1330432,87590,video_0,
18,1418022,7802,audio_1,
19,1425824,71054,video_0,
20,1496878,7430,audio_1,
21,1504308,246726,video_0,
22,1751034,7430,audio_1,
23,1758464,129307,video_0,
24,1887771,7431,audio_1,
25,1895202,137007,video_0,
26,2032209,7430,audio_1,
27,2039639,99137,video_0,
28,2138776,7431,audio_1,
29,2146207,137926,video_0,
30,2284133,7430,audio_1,
31,2291563,113471,video_0,
32,2405034,7430,audio_1,
33,2412464,105454,video_0,
34,2517918,7431,audio_1,
35,2525349,109592,video_0,
36,2634941,7430,audio_1,
37,2642371,87251,video_0,
38,2729622,7430,audio_1,
39,2737052,99768,video_0,
40,2836820,7431,audio_1,
41,2844251,106283,video_0,
42,2950534,7430,audio_1,
43,2957964,233425,video_0,
44,3191389,7431,audio_1,
45,3198820,110292,video_0,
46,3309112,7430,audio_1,
47,3316542,143161,video_0,
48,3459703,7430,audio_1,
49,3467133,121110,video_0,
50,3588243,7431,audio_1,
51,3595674,112586,video_0,
52,3708260,7430,audio_1,
53,3715690,128585,video_0,
54,3844275,7431,audio_1,
55,3851706,222294,video_0,
56,4074000,7430,audio_1,
57,4081430,156790,video_0,
58,4238220,7430,audio_1,
59,4245650,72590,video_0,
60,4318240,7431,audio_1,
61,4325671,73733,video_0,
62,4399404,7430,audio_1,
63,4406834,85715,video_0,
64,4492549,7431,audio_1,
65,4499980,223632,video_0,
66,4723612,7430,audio_1,
67,4731042,142069,video_0,
68,4873111,7430,audio_1,
69,4880541,101597,video_0,
70,4982138,7431,audio_1,
71,4989569,116975,video_0,
72,5106544,7430,audio_1,
73,5113974,102725,video_0,
74,5216699,7430,audio_1,
75,5224129,138111,video_0,
76,5362240,7431,audio_1,
77,5369671,105089,video_0,
78,5474760,7430,audio_1,
79,5482190,124628,video_0,
80,5606818,7431,audio_1,
81,5614249,103772,video_0,
82,5718021,7430,audio_1,
83,5725451,90419,video_0,
84,5815870,7430,audio_1,
85,5823300,98680,video_0,
86,5921980,7431,audio_1,
87,5929411,309217,video_0,
88,6238628,7430,audio_1,
89,6246058,102140,video_0,
90,6348198,7431,audio_1,
91,6355629,122285,video_0,
92,6477914,7430,audio_1,
93,6485344,98183,video_0,
94,6583527,7430,audio_1,
95,6590957,126602,video_0,
96,6717559,7431,audio_1,
97,6724990,112512,video_0,
98,6837502,7430,audio_1,
99,6844932,108463,video_0,
100,6953395,7430,audio_1,
101,6960825,104659,video_0,
102,7065484,7431,audio_1,
103,7072915,136131,video_0,
104,7209046,7430,audio_1,
105,7216476,97862,video_0,
106,7314338,7431,audio_1,
107,7321769,105001,video_0,
108,7426770,7430,audio_1,
109,7434200,267280,video_0,
110,7701480,7430,audio_1,
111,7708910,222574,video_0,
112,7931484,7431,audio_1,
113,7938915,154408,video_0,
114,8093323,7430,audio_1,
115,8100753,126979,video_0,
116,8227732,7431,audio_1,
117,8235163,101866,video_0,
118,8337029,7430,audio_1,
119,8344459,115173,video_0,
120,8459632,7430,audio_1,
121,8467062,112247,video_0,
122,8579309,7431,audio_1,
123,8586740,109971,video_0,
124,8696711,7430,audio_1,
125,8704141,115169,video_0,
126,8819310,7430,audio_1,
127,8826740,74040,video_0,
128,8900780,7431,audio_1,
129,8908211,95329,video_0,
130,9003540,7430,audio_1,
131,9010970,218193,video_0,
132,9229163,7431,audio_1,
133,9236594,122575,video_0,
134,9359169,7430,audio_1,
135,9366599,87745,video_0,
136,9454344,7430,audio_1,
137,9461774,128805,video_0,
138,9590579,7431,audio_1,
139,9598010,117320,video_0,
140,9715330,7430,audio_1,
141,9722760,137327,video_0,
142,9860087,7431,audio_1,
143,9867518,123126,video_0,
144,9990644,7430,audio_1,
145,9998074,98515,video_0,
146,10096589,7430,audio_1,
147,10104019,105683,video_0,
148,10209702,7431,audio_1,
149,10217133,125131,video_0,
150,10342264,7430,audio_1,
151,10349694,98390,video_0,
152,10448084,7430,audio_1,
153,10455514,214830,video_0,
154,10670344,7431,audio_1,
155,10677775,74276,video_0,
156,10752051,7430,audio_1,
157,10759481,133124,video_0,
158,10892605,7431,audio_1,
159,10900036,137979,video_0,
160,11038015,7430,audio_1,
161,11045445,101829,video_0,
162,11147274,7430,audio_1,
163,11154704,127984,video_0,
164,11282688,7431,audio_1,
165,11290119,95869,video_0,
166,11385988,7430,audio_1,
167,11393418,74017,video_0,
168,11467435,7431,audio_1,
169,11474866,169256,video_0,
170,11644122,7430,audio_1,
171,11651552,246247,video_0,
172,11897799,7430,audio_1,
173,11905229,100881,video_0,
174,12006110,7431,audio_1,
175,12013541,242430,video_0,
176,12255971,7430,audio_1,
177,12263401,105765,video_0,
178,12369166,7430,audio_1,
179,12376596,157803,video_0,
180,12534399,7431,audio_1,
181,12541830,131225,video_0,
182,12673055,7430,audio_1,
183,12680485,153584,video_0,
184,12834069,7431,audio_1,
185,12841500,151029,video_0,
186,12992529,7430,audio_1,
187,12999959,111794,video_0,
188,13111753,7430,audio_1,
189,13119183,106337,video_0,
190,13225520,7431,audio_1,
191,13232951,132017,video_0,
192,13364968,7430,audio_1,
193,13372398,95462,video_0,
194,13467860,7431,audio_1,
195,13475291,70765,video_0,
196,13546056,7430,audio_1,
197,13553486,255007,video_0,
198,13808493,7430,audio_1,
199,13815923,85403,video_0,
200,13901326,7431,audio_1,
201,13908757,147150,video_0,
202,14055907,7430,audio_1,
203,14063337,130246,video_0,
204,14193583,7430,audio_1,
205,14201013,100881,video_0,
206,14301894,7431,audio_1,
207,14309325,149337,video_0,
208,14458662,7430,audio_1,
209,14466092,123600,video_0,
210,14589692,7431,audio_1,
211,14597123,118956,video_0,
212,14716079,7430,audio_1,
213,14723509,115071,video_0,
214,14838580,7430,audio_1,
215,14846010,97084,video_0,
216,14943094,7431,audio_1,
217,14950525,130707,video_0,
218,15081232,7430,audio_1,
219,15088662,233693,video_0,
220,15322355,7431,audio_1,
221,15329786,170800,video_0,
222,15500586,7430,audio_1,
223,15508016,224885,video_0,
224,15732901,7430,audio_1,
225,15740331,101064,video_0,
226,15841395,7431,audio_1,
227,15848826,136867,video_0,
228,15985693,7430,audio_1,
229,15993123,116217,video_0,
230,16109340,7431,audio_1,
231,16116771,87973,video_0,
232,16204744,7430,audio_1,
233,16212174,100531,video_0,
234,16312705,7430,audio_1,
235,16320135,75710,video_0,
236,16395845,7431,audio_1,
237,16403276,75028,video_0,
238,16478304,7430,audio_1,
239,16485734,75394,video_0,
240,16561128,7430,audio_1,
241,16568558,261819,video_0,
242,16830377,7431,audio_1,
243,16837808,109230,video_0,
244,16947038,7430,audio_1,
245,16954468,118659,video_0,
246,17073127,7431,audio_1,
247,17080558,176628,video_0,
248,17257186,7430,audio_1,
249,17264616,130017,video_0,
250,17394633,7430,audio_1,
251,17402063,96955,video_0,
252,17499018,7431,audio_1,
253,17506449,74827,video_0,
254,17581276,7430,audio_1,
255,17588706,102005,video_0,
256,17690711,7431,audio_1,
257,17698142,114651,video_0,
258,17812793,7430,audio_1,
259,17820223,110307,video_0,
260,17930530,7430,audio_1,
261,17937960,115542,video_0,
262,18053502,7431,audio_1,
263,18060933,205645,video_0,
264,18266578,7430,audio_1,
265,18274008,70975,video_0,
266,18344983,7430,audio_1,
267,18352413,103936,video_0,
268,18456349,7431,audio_1,
269,18463780,93943,video_0,
270,18557723,7430,audio_1,
271,18565153,122674,video_0,
272,18687827,7431,audio_1,
273,18695258,117579,video_0,
274,18812837,7430,audio_1,
275,18820267,41455,video_0,
276,18861722,4087,audio_1,
